4218
4219
4220
4221
4222
4223
4224
4316
4317
4318
4319
4320
4321
4322
4323
4324
4325
4326
4327
4328
4329
4330
4331
4332
4571
4572
4573
4574
4575
4576
4577
4578
4579
4580
4581
4582
4583
4584
4585
4586
4587
4826
4827
4828
4829
4830
4831
4832
4833
4834
4835
4836
4837
4838
4839
4840
4841
4842
4843
5096
5097
5098
5099
5100
5101
5102
5103
5104
5105
5106
5107
5108
5109
5110
5111
5112
5113
5366
5367
5368
5369
5370
5371
5372
5560
5566
5572
5578
5584
5590
5596
5602
5608
5614
5620
5626
5632
5638
5644
5650
5656
5662
5668
5674
5680
5686
5692
5698
5704
5710
5716
5722
5728
5734
5740
5746
5752
5758
6614
6620
6626
6632
6638
6644
6650
6656
6662
6668
6674
6680
6686
6692
6698
6704
6710
6716
6722
6728
6734
6740
6746
6752
6758
6764
6770
6776
6782
6788
6794
6800
6806
6812
6818
6824
6830
6831
6832
6833
6834
6835
6836
6872
6873
6874
6875
6876
6877
6878
7034
7394