% Nidos lining exterior
10374
10426
10478
10534
10587
10641
10698
10755
10822
10881
10937
10996
11076
11138
11193
11246
11291
11361
11421
11479
11537
11607
11676
11734
11817
11893
11977
12063
12142
12227
12319
12402
12501
12591
12698
12791
12897
13015
13122
13250
13360
13481
13621
13744
13864
13976
14079
14208
14327
14461
14593
14754
14929
15098
15252
15426
15599
15764
15924
16090
16249
16416
16575
16729
16887
17056
17213
17382
17526
17685
17845
17992
18144
18282
18427
18565
18705
18837
18966
19099
19229
19352
19477
19586
19715
19830
19937
20039
20141
20255
20354
20450
20550
20631
20722
20811
20902
20985
21065
21147
21218
21285
21365
21435
21499
21564
21618
21675
21728
21772
21823
21871
21919
21959
21998
22030
22062
22090
22119
22139
22163
22182
22195
22210
22218
22224
22233
22237
22244
22246
22241
22235
22231
22222
22217
22209
22198
22187
22178
22159
22137
22121
22093
22066
22034
22006
21967
21924
21890
21828
21786
21743
21684
21633
21574
21500
21423
21348
21269
21192
21120
21051
20971
20893
20814
20733
20663
20594
20519
1111111
20307
20082
19920
19754
19568
19401
19227
19047
18863
18692
18508
18318
18217
18109
18011
17906
17798
17677
17573
17465
17364
17256
17138
17029
16913
16809
16699
16601
16485
16372
16267
16152
16050
15935
15834
15717
15611
15487
15388
15264
15162
15055
14936
14827
14703
14599
14490
14373
14268
14145
14039
13931
13837
13734
13643
13544
13444
13351
13267
13179
13091
13010
12929
12848
12773
12696
12618
12551
12478
12396
12328
12256
12184
12115
12049
11978
11907
11840
11773
11711
11593
11485
11374
11260
11155
11042
10933
10836
10721
10622
10496
10374