11138
10996
10881
10755
10641
10534
10426

19830
20039
20255
20450
20631
20811
20985
21147
21285
21435
21564
21675
21772
21871
21959
22030
22090
14754
15098
15426
15764
16090
16416
16729
17056
17382
17685
17992
18282
18565
18837
19099
19352
19586
22139
22182
22210
22224
22237
22246
22235
22222
22209
22187
22159
22121
22066
22006
21924
21828
21743
21633
11246
11361
11479
11607
11734
11893
12063
12227
12402
12591
12791
13015
13250
13481
13744
13976
14208
14461
21500
21348
21192
21051
20893
20733
20594

14754
15098
15426
15764
16090
16416
16729
17056
17382
17685
17992
18282
18565
18837
19099
19352
19586
19830
20039
20255
20450
20631
20811
20985
21147
21285
21435
21564
21675
21772
21871
21959
22030
22090
11246
11361
11479
11607
11734
11893
12063
12227
12402
12591
12791
13015
13250
13481
13744
13976
14208
14461
22139
22182
22210
22224
22237
22246
22235
22222
22209
22187
22159
22121
22066
22006
21924
21828
21743
21633
20307

20594
20733
20893
21051
21192
21348
21500
11138
10996
10881
10755
10641
10534
10426

10496

10496

20307

