10426
10496
10534
10641
10755
10881
10996
11138
11246
11361
11479
11607
11734
11893
12063
12227
12402
12591
12791
13015
13250
13481
13744
13976
14208
14461
14754
15098
15426
15764
16090
16416
16729
17056
17382
17685
17992
18282
18565
18837
19099
19352
19586
19830
20039
20255
20307
20450
20594
20631
20733
20811
20893
20985
21051
21147
21192
21285
21348
21435
21500
21564
21633
21675
21743
21772
21828
21871
21924
21959
22006
22030
22066
22090
22121
22139
22159
22182
22187
22209
22210
22222
22224
22235
22237
22246